k,n_classes,batch_size,n_trials,tau,cuda,alg,forward,mean,std
5,1000,256,50,1.0,True,sum,1,0.04373533725738525,0.00038608151443701727
5,1000,256,50,1.0,True,dac_md,1,0.022705965042114258,0.00024477178620851026
5,1000,256,50,None,True,lml,1,0.008128056526184082,0.0002291699930579922
5,1000,256,50,1.0,True,dac_ad,0,0.0373601770401001,0.0020649494850051935
5,1000,256,50,1.0,True,dac_md,0,0.013306150436401367,0.0009136584722284913
5,1000,256,50,None,True,lml,0,0.0010170936584472656,0.00015701679980562172
5,1000,256,50,1.0,False,sum,1,0.029465866088867188,0.0026496378387344545
5,1000,256,50,1.0,False,dac_md,1,0.01866565227508545,0.0002899192355486382
5,1000,256,50,None,False,lml,1,0.07100790977478028,0.004326612578256484
5,1000,256,50,1.0,False,dac_ad,0,0.039286413192749024,0.00368293828763261
5,1000,256,50,1.0,False,dac_md,0,0.37966415882110593,0.010059201047372127
5,1000,256,50,None,False,lml,0,0.008397274017333985,0.0016715565429901347
50,1000,256,50,1.0,True,sum,1,0.04351657390594482,0.00045356667224676864
50,1000,256,50,1.0,True,dac_md,1,1.124922833442688,0.00815710796625642
50,1000,256,50,None,True,lml,1,0.00816925048828125,0.00022464442481744644
50,1000,256,50,1.0,True,dac_ad,0,1.8269402885437012,0.02461782275513792
50,1000,256,50,1.0,True,dac_md,0,0.06116735458374024,0.00029023194631891695
50,1000,256,50,None,True,lml,0,0.0009397506713867187,0.00011130855245055733
50,1000,256,50,1.0,False,sum,1,0.09877227306365967,0.004497977999578166
50,1000,256,50,1.0,False,dac_md,1,0.44940327167510985,0.0012421108622133153
50,1000,256,50,None,False,lml,1,0.07086649894714356,0.004147770969240495
50,1000,256,50,1.0,False,dac_ad,0,0.8573088884353638,0.016502090015331712
50,1000,256,50,1.0,False,dac_md,0,2.7780599403381347,0.06519242419837094
50,1000,256,50,None,False,lml,0,0.009688916206359864,0.0015897593949478431
100,1000,256,50,1.0,True,sum,1,0.043121628761291504,0.0010531710247704388
100,1000,256,50,1.0,True,dac_md,1,3.476481833457947,0.03833458029264595
100,1000,256,50,None,True,lml,1,0.007882494926452637,0.0002839455057514543
100,1000,256,50,1.0,True,dac_ad,0,6.158351311683655,0.11368137877482788
100,1000,256,50,1.0,True,dac_md,0,0.11329142570495605,0.0028380257753337313
100,1000,256,50,None,True,lml,0,0.0009605741500854492,0.00012305680112716387
100,1000,256,50,1.0,False,sum,1,0.15338179111480713,0.005037401527796346
100,1000,256,50,1.0,False,dac_md,1,1.300129919052124,0.005099552169279335
100,1000,256,50,None,False,lml,1,0.0750338077545166,0.0047579530456084715
100,1000,256,50,1.0,False,dac_ad,0,2.616829695701599,0.06310035960372386
100,1000,256,50,1.0,False,dac_md,0,5.4587939786911015,0.021983632075878265
100,1000,256,50,None,False,lml,0,0.008812956809997559,0.0019812408435528647
5,10000,256,50,1.0,True,sum,1,0.4434450387954712,0.005816362982899374
5,10000,256,50,1.0,True,dac_md,1,0.030850915908813475,0.00040352526060003066
5,10000,256,50,None,True,lml,1,0.05903326988220215,0.001264839249554323
5,10000,256,50,1.0,True,dac_ad,0,0.05210768222808838,0.0006802435213107939
5,10000,256,50,1.0,True,dac_md,0,0.05546487331390381,0.00023552494368686216
5,10000,256,50,None,True,lml,0,0.008140969276428222,6.80127642166262e-05
5,10000,256,50,1.0,False,sum,1,0.3139751768112183,0.005758531197261934
5,10000,256,50,1.0,False,dac_md,1,0.14208714962005614,0.002828309950259656
5,10000,256,50,None,False,lml,1,1.0308868455886842,0.006532227039294884
5,10000,256,50,1.0,False,dac_ad,0,0.30238309383392337,0.008340086960996427
5,10000,256,50,1.0,False,dac_md,0,4.4485019063949585,0.06985742179046027
5,10000,256,50,None,False,lml,0,0.048712635040283205,0.0011937567133838802
50,10000,256,50,1.0,True,sum,1,0.4447093725204468,0.008986561794511365
50,10000,256,50,1.0,True,dac_md,1,1.6862221574783325,0.015468157022810238
50,10000,256,50,None,True,lml,1,0.05938147068023682,0.0016316557930528357
50,10000,256,50,1.0,True,dac_ad,0,2.666451940536499,0.03972871311836067
50,10000,256,50,1.0,True,dac_md,0,0.3565064287185669,0.0005844747795596891
50,10000,256,50,None,True,lml,0,0.008235311508178711,0.00010758680583945056
50,10000,256,50,1.0,False,sum,1,0.9746846294403076,0.006970765301141837
50,10000,256,50,1.0,False,dac_md,1,1.4053172826766969,0.0035280017035889543
50,10000,256,50,None,False,lml,1,1.037398657798767,0.0047361082772697715
50,10000,256,50,1.0,False,dac_ad,0,3.3098709917068483,0.038329472997918765
50,10000,256,50,1.0,False,dac_md,0,31.066651096343993,0.17530895179712486
50,10000,256,50,None,False,lml,0,0.04759523391723633,0.0016569686052047357
100,10000,256,50,1.0,True,sum,1,0.46824198246002197,0.007129548871294451
100,10000,256,50,1.0,True,dac_md,1,5.757044196128845,0.021064230369353162
100,10000,256,50,None,True,lml,1,0.05931525707244873,0.0012086223409033656
100,10000,256,50,1.0,True,dac_ad,0,9.199011311531066,0.15855925751163455
100,10000,256,50,1.0,True,dac_md,0,0.6901128101348877,0.0011988910610617677
100,10000,256,50,None,True,lml,0,0.008287425041198731,0.00016292668489732384
100,10000,256,50,1.0,False,sum,1,1.5967964553833007,0.013870848342399222
100,10000,256,50,1.0,False,dac_md,1,3.6211729860305786,0.006923871554243254
100,10000,256,50,None,False,lml,1,1.0348492813110353,0.006889847612784763
100,10000,256,50,1.0,False,dac_ad,0,7.6699764442443845,0.11882435598608566
100,10000,256,50,1.0,False,dac_md,0,60.36388990879059,0.3448786579943938
100,10000,256,50,None,False,lml,0,0.04889639854431152,0.0027548573161115916
5,1000,256,50,None,True,entr,1,0.0001746988296508789,1.928791923139259e-05
5,1000,256,50,None,True,entr,0,0.00026115894317626956,8.30732429391003e-05
5,1000,256,50,None,False,entr,1,0.011701955795288085,0.001235667837921992
5,1000,256,50,None,False,entr,0,0.0015419578552246093,0.0012974134612662319
50,1000,256,50,None,True,entr,1,0.0001735401153564453,1.928814497790012e-05
50,1000,256,50,None,True,entr,0,0.00026087284088134767,8.085632363025321e-05
50,1000,256,50,None,False,entr,1,0.012108302116394043,0.00026142754186810323
50,1000,256,50,None,False,entr,0,0.0011415386199951172,0.0012417427364038616
100,1000,256,50,None,True,entr,1,0.00017392158508300782,2.0685459731491976e-05
100,1000,256,50,None,True,entr,0,0.00026763439178466796,9.966072521299811e-05
100,1000,256,50,None,False,entr,1,0.011706161499023437,0.001565703262322546
100,1000,256,50,None,False,entr,0,0.0014214801788330078,0.0010278296184359278
5,10000,256,50,None,True,entr,1,0.008097491264343261,0.00021287616487365466
5,10000,256,50,None,True,entr,0,0.0005453968048095703,5.0674020326986035e-05
5,10000,256,50,None,False,entr,1,0.14770100116729737,0.003366363225916703
5,10000,256,50,None,False,entr,0,0.014382200241088867,0.005813903255300804
50,10000,256,50,None,True,entr,1,0.007663345336914063,4.9951668197731104e-05
50,10000,256,50,None,True,entr,0,0.0005495119094848633,5.16783407832663e-05
50,10000,256,50,None,False,entr,1,0.14866331100463867,0.004458831050686987
50,10000,256,50,None,False,entr,0,0.01421170711517334,0.005837615772739018
100,10000,256,50,None,True,entr,1,0.007671704292297363,5.180771998905775e-05
100,10000,256,50,None,True,entr,0,0.0005459165573120117,4.541822768596522e-05
100,10000,256,50,None,False,entr,1,0.14748528003692626,0.003216906158855994
100,10000,256,50,None,False,entr,0,0.014458341598510742,0.005451822496595535
